  1.00000000000000e+000  1.00000000000000e+000  1.00000000000000e+000  1.00000000000000e+000  1.00000000000000e+000  1.00000000000000e+000  1.00000000000000e+000  1.00000000000000e+000  1.00000000000000e+000  1.00000000000000e+000  1.00000000000000e+000  1.00000000000000e+000  1.00000000000000e+000  1.00000000000000e+000  1.00000000000000e+000  1.00000000000000e+000  1.00000000000000e+000  1.00000000000000e+000  1.00000000000000e+000  1.00000000000000e+000
  1.00000000000000e+000  1.00000000000000e+000  1.00000000000000e+000  1.00000000000000e+000  1.00000000000000e+000  1.00000000000000e+000  1.00000000000000e+000  1.00000000000000e+000  1.00000000000000e+000  1.00000000000000e+000  1.00000000000000e+000  1.00000000000000e+000  1.00000000000000e+000  1.00000000000000e+000  1.00000000000000e+000  1.00000000000000e+000  1.00000000000000e+000  1.00000000000000e+000  1.00000000000000e+000  1.00000000000000e+000
  1.00000000000000e+000  1.00000000000000e+000  1.00000000000000e+000  1.00000000000000e+000  1.00000000000000e+000  1.00000000000000e+000  1.00000000000000e+000  1.00000000000000e+000  1.00000000000000e+000  1.00000000000000e+000  1.00000000000000e+000  1.00000000000000e+000  1.00000000000000e+000  1.00000000000000e+000  1.00000000000000e+000  1.00000000000000e+000  1.00000000000000e+000  1.00000000000000e+000  1.00000000000000e+000  1.00000000000000e+000
  1.00000000000000e+000  1.00000000000000e+000  1.00000000000000e+000  1.00000000000000e+000  1.00000000000000e+000  1.00000000000000e+000  1.00000000000000e+000  1.00000000000000e+000  1.00000000000000e+000  1.00000000000000e+000  1.00000000000000e+000  1.00000000000000e+000  1.00000000000000e+000  1.00000000000000e+000  1.00000000000000e+000  1.00000000000000e+000  1.00000000000000e+000  1.00000000000000e+000  1.00000000000000e+000  1.00000000000000e+000
  1.00000000000000e+000  1.00000000000000e+000  1.00000000000000e+000  1.00000000000000e+000  1.00000000000000e+000  1.00000000000000e+000  1.00000000000000e+000  1.00000000000000e+000  1.00000000000000e+000  1.00000000000000e+000  1.00000000000000e+000  1.00000000000000e+000  1.00000000000000e+000  1.00000000000000e+000  1.00000000000000e+000  1.00000000000000e+000  1.00000000000000e+000  1.00000000000000e+000  1.00000000000000e+000  1.00000000000000e+000
  1.00000000000000e+000  1.00000000000000e+000  1.00000000000000e+000  1.00000000000000e+000  1.00000000000000e+000  1.00000000000000e+000  1.00000000000000e+000  1.00000000000000e+000  1.00000000000000e+000  1.00000000000000e+000  1.00000000000000e+000  1.00000000000000e+000  1.00000000000000e+000  1.00000000000000e+000  1.00000000000000e+000  1.00000000000000e+000  1.00000000000000e+000  1.00000000000000e+000  1.00000000000000e+000  1.00000000000000e+000
  1.00000000000000e+000  1.00000000000000e+000  1.00000000000000e+000  1.00000000000000e+000  1.00000000000000e+000  1.00000000000000e+000  1.00000000000000e+000  1.00000000000000e+000  1.56212883781360e-001  1.00000000000000e+000  1.00000000000000e+000  1.00000000000000e+000  1.00000000000000e+000  1.00000000000000e+000  1.00000000000000e+000  1.00000000000000e+000  1.00000000000000e+000  1.00000000000000e+000  1.00000000000000e+000  1.00000000000000e+000
  1.00000000000000e+000  1.00000000000000e+000  1.00000000000000e+000  1.00000000000000e+000  1.00000000000000e+000  1.00000000000000e+000  1.00000000000000e+000  1.00000000000000e+000  1.00000000000000e+000  1.00000000000000e+000  1.00000000000000e+000  1.00000000000000e+000  1.00000000000000e+000  1.00000000000000e+000  1.00000000000000e+000  1.00000000000000e+000  1.00000000000000e+000  1.00000000000000e+000  1.00000000000000e+000  1.00000000000000e+000
  1.00000000000000e+000  1.00000000000000e+000  1.00000000000000e+000  1.00000000000000e+000  1.00000000000000e+000  1.00000000000000e+000  1.00000000000000e+000  1.00000000000000e+000  1.00000000000000e+000  1.00000000000000e+000  1.00000000000000e+000  1.00000000000000e+000  1.00000000000000e+000  1.00000000000000e+000  1.00000000000000e+000  1.00000000000000e+000  1.00000000000000e+000  1.00000000000000e+000  1.00000000000000e+000  1.00000000000000e+000
  1.00000000000000e+000  1.00000000000000e+000  1.00000000000000e+000  1.00000000000000e+000  1.00000000000000e+000  1.00000000000000e+000  1.00000000000000e+000  1.00000000000000e+000  1.00000000000000e+000  1.00000000000000e+000  1.00000000000000e+000  1.00000000000000e+000  1.00000000000000e+000  1.00000000000000e+000  1.00000000000000e+000  1.00000000000000e+000  1.00000000000000e+000  1.00000000000000e+000  1.00000000000000e+000  1.00000000000000e+000
  1.00000000000000e+000  1.00000000000000e+000  1.00000000000000e+000  1.00000000000000e+000  1.00000000000000e+000  1.00000000000000e+000  1.00000000000000e+000  1.00000000000000e+000  1.00000000000000e+000  1.00000000000000e+000  1.00000000000000e+000  1.00000000000000e+000  1.00000000000000e+000  1.00000000000000e+000  1.00000000000000e+000  1.00000000000000e+000  1.00000000000000e+000  1.00000000000000e+000  1.00000000000000e+000  1.00000000000000e+000
  1.00000000000000e+000  1.00000000000000e+000  1.00000000000000e+000  1.00000000000000e+000  1.00000000000000e+000  1.00000000000000e+000  1.00000000000000e+000  1.00000000000000e+000  1.00000000000000e+000  1.00000000000000e+000  1.00000000000000e+000  1.00000000000000e+000  1.00000000000000e+000  1.00000000000000e+000  1.00000000000000e+000  1.00000000000000e+000  1.00000000000000e+000  1.00000000000000e+000  1.00000000000000e+000  1.00000000000000e+000
  1.00000000000000e+000  1.00000000000000e+000  1.00000000000000e+000  1.00000000000000e+000  1.00000000000000e+000  1.00000000000000e+000  1.00000000000000e+000  1.00000000000000e+000  1.00000000000000e+000  1.00000000000000e+000  1.00000000000000e+000  1.00000000000000e+000  1.00000000000000e+000  1.00000000000000e+000  1.00000000000000e+000  1.00000000000000e+000  1.00000000000000e+000  1.00000000000000e+000  1.00000000000000e+000  1.00000000000000e+000
  1.00000000000000e+000  1.00000000000000e+000  1.00000000000000e+000  1.00000000000000e+000  1.00000000000000e+000  1.00000000000000e+000  1.00000000000000e+000  1.00000000000000e+000  1.00000000000000e+000  1.00000000000000e+000  1.00000000000000e+000  1.00000000000000e+000  1.00000000000000e+000  1.00000000000000e+000  1.00000000000000e+000  1.00000000000000e+000  1.00000000000000e+000  1.00000000000000e+000  1.00000000000000e+000  1.00000000000000e+000
  1.00000000000000e+000  1.00000000000000e+000  1.00000000000000e+000  1.00000000000000e+000  1.00000000000000e+000  1.00000000000000e+000  1.00000000000000e+000  1.00000000000000e+000  1.00000000000000e+000  1.00000000000000e+000  1.00000000000000e+000  1.00000000000000e+000  1.00000000000000e+000  1.00000000000000e+000  1.00000000000000e+000  1.00000000000000e+000  1.00000000000000e+000  1.00000000000000e+000  1.00000000000000e+000  1.00000000000000e+000
  1.00000000000000e+000  1.00000000000000e+000  1.00000000000000e+000  1.00000000000000e+000  1.00000000000000e+000  1.00000000000000e+000  1.00000000000000e+000  1.00000000000000e+000  1.00000000000000e+000  1.00000000000000e+000  1.00000000000000e+000  1.00000000000000e+000  1.00000000000000e+000  1.00000000000000e+000  1.00000000000000e+000  1.00000000000000e+000  1.00000000000000e+000  1.00000000000000e+000  1.00000000000000e+000  1.00000000000000e+000
  1.00000000000000e+000  1.00000000000000e+000  1.00000000000000e+000  1.00000000000000e+000  1.00000000000000e+000  1.00000000000000e+000  1.00000000000000e+000  1.00000000000000e+000  1.00000000000000e+000  1.00000000000000e+000  1.00000000000000e+000  1.00000000000000e+000  1.00000000000000e+000  1.00000000000000e+000  1.00000000000000e+000  1.00000000000000e+000  1.00000000000000e+000  1.00000000000000e+000  1.00000000000000e+000  1.00000000000000e+000
  1.00000000000000e+000  1.00000000000000e+000  1.00000000000000e+000  1.00000000000000e+000  1.00000000000000e+000  1.00000000000000e+000  1.00000000000000e+000  1.00000000000000e+000  1.00000000000000e+000  1.00000000000000e+000  1.00000000000000e+000  1.00000000000000e+000  1.00000000000000e+000  1.00000000000000e+000  1.00000000000000e+000  1.00000000000000e+000  1.00000000000000e+000  1.00000000000000e+000  1.00000000000000e+000  1.00000000000000e+000
  1.00000000000000e+000  1.00000000000000e+000  1.00000000000000e+000  1.00000000000000e+000  1.00000000000000e+000  1.00000000000000e+000  1.00000000000000e+000  1.00000000000000e+000  1.00000000000000e+000  1.00000000000000e+000  1.00000000000000e+000  1.00000000000000e+000  1.00000000000000e+000  1.00000000000000e+000  1.00000000000000e+000  1.00000000000000e+000  1.00000000000000e+000  1.00000000000000e+000  1.00000000000000e+000  1.00000000000000e+000
  1.00000000000000e+000  1.00000000000000e+000  1.00000000000000e+000  1.00000000000000e+000  1.00000000000000e+000  1.00000000000000e+000  1.00000000000000e+000  1.00000000000000e+000  1.00000000000000e+000  1.00000000000000e+000  1.00000000000000e+000  1.00000000000000e+000  1.00000000000000e+000  1.00000000000000e+000  1.00000000000000e+000  1.00000000000000e+000  1.00000000000000e+000  1.00000000000000e+000  1.00000000000000e+000  1.00000000000000e+000
