"V1","V2","V3","V4","V5","V6","V7","V8","V9","V10","V11","V12","V13","V14","V15","V16","V17","V18","V19","V20"
"1",-0.00533139279482559,-0.00553231650487598,-0.00531379363478173,-0.00642266867020098,-0.00565572211254654,-0.00730546679941946,-0.00474973382138623,-0.00298423789420563,-0.00255646806517722,-0.00552270186535269,-0.00345936654850385,-0.00380151283875077,-0.00301416378694546,-0.0036585778765676,-0.00490569035242292,-0.00550509829603649,-0.00352233396959966,-0.00494146485516887,-0.00499657375635168,-0.00736322774362465
"2",-0.00485634048806347,-0.00445110538615829,-0.00593258601052773,-0.00631413702127699,-0.00592252348139929,-0.00516688798505525,-0.00380660696082307,-0.00496382423786341,-0.00340331455881832,-0.00461904217553473,-0.00480670548515895,-0.00495242038036552,-0.00371556777521213,-0.00398671683227339,-0.00659271262562917,-0.00542196759653864,-0.00377670489268468,-0.00591981155575854,-0.00492509712824603,-0.00615446980457475
"3",-0.00620326281150093,-0.00489663811956053,-0.00733653996443256,-0.00663193693401229,-0.00556710440959517,-0.00566567359011587,-0.00476665047332963,-0.00496505392715794,-0.0039190141259788,-0.00533446880454629,-0.0053552574725739,-0.00361478391262811,-0.00416240825699695,-0.00462375483985398,-0.00569691393141575,-0.00515095196352547,-0.00439851883632966,-0.0049937740480932,-0.005700301283185,-0.00606565135838255
"4",-0.00608300899865827,-0.00642867713524368,-0.00646351431945537,-0.00501067563104351,-0.00424395435902506,-0.00499531513019433,-0.0036296043878723,-0.0059229654069712,-0.00553376964735638,-0.00412449898828001,-0.00442469002481991,-0.00607661249353637,-0.00407993220571416,-0.00332692523106144,-0.00408803230999493,-0.00410322340319688,-0.00317881552258678,-0.00316692437898134,-0.00350683500041559,-0.00415222432113533
"5",-0.0077714324188183,-0.00608019120009692,-0.00567312260000271,-0.0039733113372679,-0.00291165281067349,0.000381699843835609,-0.00339091571023046,-0.0047042933343547,-0.00352801360218236,-0.0020840275474318,-0.00474721574056141,-0.00456278461218616,-0.00430654525586859,-0.00365426705740774,-0.00419055991331133,-0.00139969259798837,-0.00392167871104509,-0.00136815939432638,-0.00220505024887498,-0.00292157897018711
"6",-0.00756976152220509,-0.00574097789186427,-0.00456573076689292,-0.00180160180520416,-0.00120814272478022,-0.00023821213212881,-0.00208789791766,-0.00169088883635122,-0.00215997132629157,-0.00378711621863967,-0.00237479583719119,-0.00287023413246121,-0.00443226581144528,-0.00285662289391343,-0.00290016282525673,-0.00205372468281096,-0.00224396973452693,-0.000725564044535511,-0.00234093511003743,-0.00323020093663415
"7",-0.00783426020451715,-0.00582830308938466,-0.0023628242186213,0.000735494019037028,-0.000776554313968259,-0.000209557629968137,-0.000624662336725977,-0.00229513973096188,-0.00192767087032746,-0.00303892323466449,-0.00381596963897894,-0.00496624295407289,-0.00418082867363402,-0.00258623245638367,-0.00327707396927954,-0.00326303465709295,-0.00194016377074378,-0.00100256266843843,-0.00122295882723026,-0.0025330114475106
"8",-0.00840889114179681,-0.00501130628250268,-0.00384531726309752,-0.00116740019900806,4.73541516288102e-05,-0.000614871815471408,-0.0029652202430345,-0.00223039538721875,-0.0018334601660941,-0.00354419317330842,-0.00472971774711541,-0.00452647957284101,-0.00486759137914679,-0.0040842672365705,-0.00316618796878188,-0.00368702502614464,-0.00382748891943227,-0.00214238924162838,-0.0031294889334054,-0.00233704865668584
"9",-0.00607942031318608,-0.00613990637898157,-0.00406753479183442,-0.00300521338721766,-0.00181325824166703,-0.00441991044614531,-0.00329452878234197,-0.00352735051551566,-0.00486136524784017,-0.00577680360047565,-0.00302198464197088,-0.00542226913040849,-0.00362423000988522,-0.00414578192877153,-0.00223372191216699,-0.00284135940337999,-0.00240294741808936,-0.00338066233055086,-0.00312610371979859,-0.00258944359396316
"10",-0.00601708408367347,-0.00623142268877903,-0.00459876598253151,-0.00427394804212039,-0.0041117076564725,-0.00326221066329563,-0.00439371775506531,-0.00500039334696915,-0.00519878927701263,-0.00499333890408282,-0.00413572001947156,-0.00520167885091024,-0.00253067822393123,-0.00250151006009626,-0.00262662276523489,-0.00140787292650771,-0.00185097564291802,-0.00158730870802297,-0.00138594050097929,-0.00170943460201824
"11",-0.00468235362692053,-0.00607378689537185,-0.00727189140236784,-0.00575999603087219,-0.00458489439512424,-0.0030491914656392,-0.00449739823932227,-0.00473033459438274,-0.00408221466354754,-0.00370483743172451,-0.00284997120799179,-0.0023799030119717,-0.00118882764596935,-0.0010882126965318,-0.00135735121390156,-0.000125685007774801,-0.000882930589167322,-0.00128072301660519,-0.000619469924609144,9.53295847992521e-05
"12",-0.00441779789967526,-0.004764429328446,-0.00562104533217051,-0.00614976163974962,-0.00531445577841049,-0.00267427989103828,-0.00223237865389397,-0.00418756839356246,-0.00423449878702105,-0.00308746833445321,-0.00205449737175757,-0.00084969012088278,-0.000259067402916661,-0.000928480736275769,0.000328215677770622,-2.67000438483586e-06,7.86506566815602e-05,0.000833795153728988,0.000805001672023908,0.000249338933292235
"13",-0.00610121504160161,-0.00383374084165653,-0.00505041496328546,-0.00517829831967578,-0.00449962407290452,-0.0012039947002902,-0.0022374370685117,-0.00133742397562494,-0.00296748822447693,-0.00121980560004363,-0.00331387062781823,-0.00151022319373699,-0.000543454144970999,-0.000373264829802222,-0.00202693435817887,-0.00210697392503548,-0.000901327952568481,0.00289648552949445,-7.37051389048343e-05,0.000663894898884819
"14",-0.00558495278965525,-0.00585526388076223,-0.00437974398913092,-0.00530884037755656,-0.00399561812888788,-0.00209421793625143,-0.00292519616257214,-0.00139573507487806,-0.00139283587969637,-0.00145377976180218,-0.00270976237198551,-0.00262056758222796,-0.000997475262444,-0.00195750910747585,-0.00188468699209524,-0.00260240317001053,-0.00242577599123992,0.000544682350702968,0.000978062457213019,-0.000162371311656071
"15",-0.00564709067837234,-0.00490089615785615,-0.00398547342038484,-0.00542388049598875,-0.00423562211850072,-0.00269229938378438,-0.00305488627588933,-0.00197802115420148,-0.00273223301647647,-0.00302648641747579,-0.00179583025850572,-0.00373793203004033,-0.00444131781081845,-0.00252757673761292,-0.00126880311345871,-0.00321450907702028,-0.00155113384322645,0.000766068498821205,0.000866859573191121,-0.000215748857637608
"16",-0.0062659698046844,-0.0062181076684004,-0.00545975119130482,-0.00486286768211556,-0.00532170548357255,-0.00453693093737887,-0.00271426277968141,-0.00244373084260456,-0.00302413181100427,-0.00188033364768372,-0.00261400516609677,-0.004152789768853,-0.00401719557216666,-0.00275074589074916,-0.00288308359186844,-0.00240589762742519,0.000526266344760773,-0.000393166436755891,8.87952763702935e-05,0.00168923080415188
"17",-0.0066542494129656,-0.00735366482508598,-0.00521856534588451,-0.00678120349006921,-0.00541861126933568,-0.00671523622263866,-0.00398850505618116,-0.00418183077263868,-0.00298321350454432,-0.00283457895830058,-0.00226516556234209,-0.00306124585733505,-0.00329243517940023,-0.00410099804258139,0.0007428681600908,-0.000311175468675577,0.000360378816757885,-0.000667875487708839,0.00185762792284475,0.00139991829799262
"18",-0.00621105274242094,-0.00595626661131632,-0.00600333576272598,-0.00664596047990239,-0.00594754657917938,-0.00650768779348168,-0.00438283248966261,-0.00384131573447856,-0.00587788037172686,-0.00280605325572205,-0.00206902136985316,-0.00395050535360098,-0.00478228469108548,-0.00300303370396517,-7.81317430142009e-05,0.000367930161946364,0.00048413146550461,0.000285196939420325,0.000365081537026761,0.00237871509620601
"19",-0.00644408361382482,-0.00742871599576403,-0.005338033099192,-0.00627404877405404,-0.00757949073061009,-0.00641136468955597,-0.00514702459208158,-0.00462008242404636,-0.00457573491704427,-0.00333368448901134,-0.00450242728693405,-0.00365214401447658,-0.00316664551867776,-0.00397695743276046,-0.0027815145001977,0.000338291432879513,-0.00108321707902382,-0.00227005478333252,-0.000257650648983282,0.000810027933453476
"20",-0.00627592292361558,-0.00614048850415687,-0.00514258345429667,-0.00571254070769433,-0.00637835399822131,-0.00702693578825644,-0.00707332703610874,-0.00552668056325371,-0.00446925869407403,-0.00580248803063175,-0.00573913350614942,-0.00387816382122233,-0.00523723847674575,-0.00372455649280291,-0.00164620973632527,-0.00223455799320949,-0.00329967568326155,-0.00263233506295552,-0.000262963343512751,-0.000813529203378194
