"V1","V2","V3","V4","V5","V6","V7","V8","V9","V10","V11","V12","V13","V14","V15","V16","V17","V18","V19","V20"
"1",0.107039050244459,0.112469969009187,0.108035426095739,0.105575837897545,0.10582256580321,0.102955854669114,0.102118513586064,0.107146495098996,0.10747394289353,0.0979940301015783,0.090454196143207,0.0910021324272909,0.0918320034455327,0.0915814394213385,0.0958470134093288,0.0982139342188148,0.089211449439744,0.0767253618215269,0.0721796060114312,0.071038272369621
"2",0.103107961886827,0.105818797350076,0.107290030929248,0.105997500494408,0.0983455325219539,0.09414905375278,0.100357687251122,0.105872127940943,0.102113903927083,0.096763233478415,0.0943632093449681,0.0897359481030208,0.0864682025858314,0.0931692437387196,0.10218021808603,0.0997685837252491,0.0894541519497899,0.0810345292177456,0.0725681074014752,0.0635934586236519
"3",0.0932096081791919,0.100034668743078,0.103943790495384,0.0981848454898466,0.0919998437844203,0.0943872773161997,0.097650645481206,0.0955978139821504,0.095037072049896,0.096922277558205,0.0930378609200588,0.0869522638734432,0.0899278587071786,0.0976977981709931,0.0983892795383614,0.0940423340537044,0.0902183273916373,0.0814159075923625,0.0672770595451926,0.0608416358258278
"4",0.0885459302052743,0.0935116407241546,0.0907549445043179,0.0879460229485131,0.0919001680791828,0.0941098158785551,0.0898255749045962,0.0880417098829453,0.0908067757875105,0.0894994740137731,0.0861433323861984,0.090143015406003,0.0966968759502747,0.0955969950685385,0.0911848005816974,0.0896632317708245,0.0841316177761598,0.0719874471046608,0.0644798841552056,0.0650938880645257
"5",0.0861209635601611,0.0815944465448756,0.0779867658593624,0.0830615008334505,0.0878004360873494,0.0860623011645011,0.0852415203735301,0.0867148256094665,0.0830895858087777,0.0785715921072013,0.0835915861318029,0.0926080448801256,0.0939785478782167,0.0908450347442474,0.0889854817262529,0.0823619461376266,0.0699163320057994,0.0633626919060479,0.0649974514813316,0.0638016849527617
"6",0.0777676248315451,0.0734655464562067,0.0753522049712024,0.0771648064254955,0.0755727946402969,0.0781709365271019,0.0836564239242601,0.08163014617201,0.0753164020764507,0.0765357838520124,0.0826013342371038,0.0844451486947155,0.0853350923662061,0.0883260164438503,0.0842138231722115,0.0709009281658397,0.0614021543391201,0.0603383456396099,0.0585967803678877,0.0554318124372945
"7",0.0700002100314281,0.074810354219376,0.0745867286664628,0.0680480938124641,0.0669092070922451,0.0726895485820731,0.0747697184323475,0.0733000810235403,0.0761750073717088,0.0791753235703958,0.075740209118134,0.0735458403015266,0.0782602551157439,0.0798306486582183,0.0726870567060087,0.0658949933215757,0.0624020455959866,0.0552685666746182,0.0479940262152677,0.0501122781349406
"8",0.0687581165958293,0.0743685190948839,0.0696805645033751,0.0651858417376624,0.0649009909503256,0.0628766574942125,0.0624622556278819,0.0704249024960158,0.0782005175041692,0.0755005383934773,0.0695796563513811,0.0690532751970823,0.0682905708175296,0.0644055402839394,0.0648338711193981,0.0675796629730599,0.0615329496246865,0.0498480722581581,0.045273631598889,0.0468118587157192
"9",0.0660216476857929,0.0669937638791073,0.067290203326053,0.0670659402103266,0.0602678684433126,0.0539060181702294,0.0589546668983463,0.0686012486955745,0.0709669274538305,0.0693958572910824,0.0690446990177896,0.0643633344566006,0.0562606837273033,0.0562955267659922,0.0635298348786213,0.0642997759955722,0.0573432047710481,0.0519412044606274,0.047334206769208,0.040401111190397
"10",0.0600330583961309,0.0627048040745827,0.0663260007488266,0.061815907679157,0.0543590088336947,0.0553116701267745,0.0604367166000608,0.0611238081428874,0.0619430249052229,0.0660259485256725,0.0645061116899975,0.0564729055536165,0.0541575285399663,0.0591502871063263,0.0605537726967515,0.0577437397852711,0.0573622477297321,0.0547656846042962,0.0450510578748015,0.0388335420512785
"11",0.0607046592188013,0.0629752887455783,0.0584445040522073,0.0523149914842883,0.0544740269090237,0.0591131377238371,0.0576661153334883,0.0561645198570699,0.0592783844704388,0.0589610316144241,0.053937609016181,0.0547250708614975,0.0610946649212791,0.0620475246250964,0.0585028465518859,0.0584864694576314,0.057469424033411,0.0495315296953652,0.0436094243743882,0.0464121362033791
"12",0.0657768444672225,0.0591968685955231,0.0497787962618911,0.0496010749218311,0.0541082742941888,0.0545011618710891,0.0550930420961867,0.0585342142295303,0.0564839577799297,0.0495051881409192,0.0501826207763664,0.0588746079771129,0.0636432313881217,0.0635598021389619,0.0648081735367875,0.0624882927817536,0.0522722658068608,0.0449948794872418,0.0477688911164336,0.0508685116366412
"13",0.0629761125093131,0.054485315212001,0.0509398519932082,0.0499270048583416,0.0466848763421464,0.0480630276730985,0.055618430882034,0.0576364708610251,0.051864951119997,0.0503730339010067,0.0556063350659848,0.0590811401896906,0.0618767303282918,0.0687027768083128,0.0709663879113663,0.0615507496900458,0.0511374575888718,0.0490482801314504,0.0487792834305125,0.0467130167397879
"14",0.055013267932329,0.0559911217710276,0.0547096811020432,0.0464414256141336,0.0417123543026132,0.046330838665584,0.050590864013577,0.0506774617748142,0.0543389372682274,0.0602507463156798,0.0600291531917131,0.0584908169278921,0.0643458511018073,0.0703215160760303,0.0672197533935246,0.061458796196011,0.058842055845717,0.0531324727745572,0.0447264626594987,0.0443055122390051
"15",0.0519200530671166,0.0560313924111667,0.0513249253559861,0.04538022592298,0.0444835704598921,0.0428975753465676,0.0413894686442755,0.0489683508951256,0.061280050423296,0.0653957682155283,0.0634416960041863,0.0649119862173102,0.0663682828189287,0.0628498913532917,0.0617672715087559,0.0655616519306146,0.0631937621744889,0.0526385474509384,0.0459667178721237,0.0458733227839806
"16",0.0499630528797422,0.0483001198330608,0.0471015984679066,0.048536014900682,0.0447373042768986,0.0381324365755608,0.0415122903206604,0.0535533216574274,0.0617210547558,0.065447537410238,0.0700725739962774,0.069958370477463,0.0619403397018796,0.0574986114079541,0.061981886851806,0.0641781136855693,0.059001109951774,0.0544235932263595,0.0511230954883819,0.0435710517435079
"17",0.044801873143691,0.0431903469336006,0.0466761903115335,0.0455147226152225,0.0399934587437972,0.0417367951204745,0.0502202992976706,0.0555756546890367,0.0596003394480729,0.0674338531314728,0.0710191152170512,0.064732226211721,0.0591264806640817,0.0606507066219238,0.0607711714420007,0.0566609876597508,0.055831384348361,0.0560072817286514,0.048894189287301,0.0410161291967671
"18",0.0448087231471203,0.0461941622334765,0.0431325059951476,0.0373124182286197,0.0402194994895022,0.049801432238683,0.0549840459334739,0.0575690956315076,0.063560757298971,0.066199183744771,0.0608629212159471,0.057649882182922,0.0612153148141144,0.0617243140681584,0.0566827457727183,0.0548122226490539,0.0548666416289812,0.0489123119087616,0.0426871768262559,0.0454900489370092
"19",0.0510692168173417,0.0476437639478444,0.0385151092705113,0.0373644720694778,0.0446335402177594,0.0505627915357055,0.0560003289625002,0.0641832221861552,0.0662526603283893,0.0581073946239085,0.0521837582323555,0.0552135204868718,0.0579716088527702,0.056760347724319,0.0577734034622744,0.0578295987884464,0.0494807474228078,0.0407293754225515,0.0426727402643815,0.0490026190198272
"20",0.0514166742388429,0.0456973549486487,0.0433954196820557,0.0451873829732846,0.0450695906070317,0.0481112890421068,0.0586634801630975,0.0653914129669952,0.0604283600331667,0.053724327936829,0.0524866521637224,0.0509363291414992,0.0491926242322939,0.0542243577551481,0.0599918688444871,0.0551541453877374,0.0455582008477281,0.0430438795626193,0.0445565838693896,0.0445392018611022
